3.196564885496183117e-01
5.467557251908397031e-01
6.793893129770992578e-01
7.166030534351145453e-01
7.416507633587786641e-01
7.712309160305343969e-01
7.924618320610686828e-01
8.077290076335877922e-01
8.213263358778626344e-01
8.258587786259542485e-01
8.423187022900763266e-01
8.470896946564885344e-01
8.547232824427480891e-01
8.587786259541985157e-01
8.642652671755725047e-01
8.714217557251908719e-01
8.757156488549617812e-01
8.754770992366411875e-01
8.738072519083969203e-01
8.883587786259542485e-01
8.957538167938930984e-01
8.933683206106870500e-01
8.964694656488549906e-01
9.010019083969466047e-01
8.947996183206107235e-01
9.081583969465648609e-01
9.093511450381679406e-01
9.067270992366411875e-01
9.098282442748091281e-01
9.141221374045801484e-01
