1.806461778554049324e+00
1.517847458521525139e+00
1.202054807634064693e+00
9.362199324550051216e-01
7.774673393278410671e-01
6.718033678603895220e-01
5.940154321265943560e-01
5.386721356348558309e-01
5.040359894434610633e-01
4.722600633447820440e-01
4.304064476128780514e-01
4.116185993859262093e-01
3.931387816414688707e-01
3.830551523150819704e-01
3.628052734967434079e-01
3.469367822011311664e-01
3.294096300096223118e-01
3.236102434721859766e-01
3.184647912328893438e-01
3.028745818318742677e-01
2.866716786767496972e-01
2.817630867163340436e-01
2.689771245826374502e-01
2.671060729207414552e-01
2.612407970609086916e-01
2.437634698369286201e-01
2.391863813002904349e-01
2.402802922508933403e-01
2.340193219257123425e-01
2.186118802337935485e-01
